333;000;000;000;000;111;000;222;000
333;000;000;000;000;000;111;222;222
111;000;000;000;333;111;000;222;000
333;000;000;000;000;000;111;222;113
232;111;000;332;000;000;111;111;213
333;000;000;333;000;000;000;111;000
232;111;000;332;000;000;111;111;213
333;000;000;000;111;000;000;222;000
333;000;000;000;222;000;000;221;000
333;000;000;333;222;000;000;000;000
333;000;000;000;000;111;111;332;000
332;332;000;000;000;000;000;000;000
333;000;000;000;111;000;000;000;000
332;222;000;000;223;000;000;111;000
332;000;000;000;222;000;000;223;111
333;000;000;323;000;111;111;111;000
333;000;000;000;000;000;111;222;222
232;000;000;000;000;000;000;223;322
232;333;000;000;322;000;000;111;000
333;000;000;000;222;111;000;222;000
222;000;333;000;000;000;111;111;111
333;000;000;000;000;000;111;222;222
333;000;000;000;000;000;111;222;222
333;000;000;000;000;222;111;111;000
333;000;000;000;000;000;111;222;222
333;000;000;000;000;000;111;222;222
333;000;000;000;000;000;000;222;222
222;000;000;000;111;000;111;333;000
333;000;000;000;000;000;000;000;000
333;000;000;222;000;000;111;111;000
232;000;000;221;111;000;000;312;000
333;000;000;000;221;000;000;333;111
111;000;333;222;000;000;000;000;000
