name, elements, weakness, weakness_alt, ailment_weakness, Location, Species,

break{[HEAD],[HORN],[MANE],[CHEST],[FRONT LEG],[HIND LEG],[BACK],[TAIL],[WING]}

Anjanath, F, [0,3,2,2,1], null, [2,2,2,1,2], [AF,WW], bru, [3,3,3],[0,0,0],[0,0,0],[0,0,0],[0,0,0],[1,1,1],[0,0,0],[2,2,2],[0,0,0]}

Azure Rathalos, F, [0,1,1,2,3], null, [1,2,2,1,2], [AF,ER], F, [3,3,3],[0,0,0],[0,0,0],[0,0,0],[0,0,0],[0,0,0],[1,1,1],[2,2,2],[2,2,2]}

Barroth, NE, [3,0,0,2,1], [0,3,0,2,1], [ 3,2,3,3,1], [WW], bru, [1,1,1],[0,0,0],[0,0,0],[0,0,0],[3,3,3],[1,1,1],[0,0,0],[2,2,2],[0,0,0]}

Bazelgeuse, F, [0,1,3,2,2], null, [2,2,2,1,1], [AF,CH,RV,WW,ER], fly, [3,3,3],[0,0,0],[0,0,0],[0,0,0],[0,0,0],[0,0,0],[1,1,1],[2,2,2],[1,1,3]}

Black Diablos, NE, [0,2,1,3,0], null, [2,2,3,2,1], [WW], fly, [2,3,2],[0,0,0],[0,0,0],[3,3,2],[0,0,0],[0,0,0],[1,1,1],[1,1,1],[2,1,3]}

Deviljho, D, [2,2,3,1,3], null, [2,2,2,2,2], [AF,WW,CH,RV,ER], bru, [3,3,3],[0,0,0],[0,0,0],[3,3,3],[0,0,0],[0,0,0],[0,0,0],[3,3,3],[0,0,0]}

Diablos, NE, [0,2,1,3,2], null, [2,2,3,2,1], [WW], fly, [2,3,2],[0,0,0],[0,0,0],[3,3,2],[0,0,0],[0,0,0],[1,1,1],[1,1,1],[2,1,3]}

Dodogama, F, [0,2,3,2,1], null, [3,2,2,1,2], [ER], fan, [3,3,3],[0,0,0],[0,0,0],[0,0,0],[1,1,1],[0,0,0],[0,0,0],[2,2,2],[0,0,0]}

Great Girros, NE, [3,2,0,2,1], null, [2,3,1,2,2], [RV], fan, [3,3,3],[0,0,0],[0,0,0],[0,0,0],[2,2,2],[0,0,0],[0,0,0],[2,2,1],[0,0,0]}

Great Jagras, NE, [3,0,2,2,1], null, [3,3,3,3,3], [AF], fan, [3,3,3],[0,0,0],[0,0,0],[3,3,3],[2,2,2],[0,0,0],[0,0,0],[0,0,0],[0,0,0]}

Jyuratodus, W, [1,0,3,1,1], [0,3,0,1,1], [3,2,2,1,2], [WW], pis, [3,3,3],[0,0,0],[0,0,0],[0,0,0],[0,0,0],[1,1,1],[1,1,1],[3,3,2],[0,0,0]}

Kirin, T, [3,2,0,2,1], null, [1,2,0,2,1], [CH], eld, [0,0,0],[3,3,2],[0,0,0],[0,0,0],[0,0,0],[0,0,0],[0,0,0],[0,0,0],[0,0,0]}

Kulu-Ya-Ku, NE, [2,3,2,2,2], null, [2,2,2,2,2], [AF,WW], bir, [3,3,3],[0,0,0],[0,0,0],[0,0,0],[1,1,1],[0,0,0],[0,0,0],[0,0,0],[0,0,0]}

Kulve Taroth, F, [0,1,0,3,2], [1,2,3,0,1], [1,1,1,1,1], [CED], eld, [3,3,2],[0,0,0],[2,2,2],[0,0,0],[2,2,3],[0,0,0],[0,0,0],[1,1,1],[0,0,0]}

Kushala Daora, NE, [1,0,3,0,2], null, [3,1,1,3,2], [AF,ER], eld, [3,3,2],[0,0,0],[0,0,0],[0,0,0],[2,2,2],[0,0,0],[0,0,0],[2,2,3],[1,1,1]}

Lavasioth, F, [0,3,2,2,1], [1,2,0,0,1], [3,1,2,1,2], [RE], pis, [3,3,3],[0,0,0],[0,0,0],[3,2,3],[0,0,0],[1,1,1],[1,1,1],[1,1,1],[0,0,0]}

Legiana, I, [2,1,3,0,1], null, [3,2,2,2,2], [CH], fly, [3,3,3],[0,0,0],[0,0,0],[0,0,0],[0,0,0],[0,0,0],[1,1,1],[2,2,2],[2,2,2]}

Lunastra, F, [0,1,1,3,2], null, [1,1,1,2,2], [ER], eld, [2,3,3],[0,0,0],[0,0,0],[0,0,0],[0,0,0],[0,0,0],[0,0,0],[2,2,3],[3,2,2]}

Nergigante, NE, [1,1,3,1,2], null, [2,2,2,2,2], [ER,WW], eld, [2,3,2],[3,3,3],[0,0,0],[0,0,0],[3,2,2],[0,0,0],[0,0,0],[1,1,1],[0,0,0]}

Odogaron, NE, [1,1,2,3,0], null, [1,2,3,2,2], [RV,CH], fan, [0,0,0],[3,3,3],[0,0,0],[0,0,0],[2,2,2],[1,1,1],[0,0,0],[2,2,2],[0,0,0]}

Paolumu, NE, [3,0,2,1,1], null, [2,2,2,3,3], [CH], fly, [0,0,0],[2,2,2],[3,3,3],[0,0,0],[0,0,0],[0,0,0],[1,1,1],[1,1,1],[1,1,1]}

Pink Rathian, F, [0,1,2,1,3], null, [1,2,2,1,3], [WW,CH], fly, [0,0,0],[3,3,3],[0,0,0],[0,0,0],[0,0,0],[0,0,0],[1,1,1],[2,2,2],[2,2,2]}

Pukei-Pukei, NE, [2,0,3,2,1], null, [1,3,3,2,2], [AF], bir, [0,0,0],[3,3,3],[0,0,0],[0,0,0],[0,0,0],[0,0,0],[1,1,1],[2,2,2],[2,2,2]}

Radobaan, NE, [1,1,1,2,3], null, [2,1,2,3,2], [RV], bru, [0,0,0],[3,3,3],[0,0,0],[0,0,0],[0,0,0],[2,2,2],[1,1,1],[1,1,1],[0,0,0]}

Rathalos, F, [0,1,2,1,3], null, [1,2,2,1,2], [AF], fly, [0,0,0],[3,3,3],[0,0,0],[0,0,0],[0,0,0],[0,0,0],[1,1,1],[2,2,2],[2,2,2]}

Rathian, F, [0,1,2,1,3], null, [1,2,2,1,3], [AF,WW], fly, [0,0,0],[3,3,3],[0,0,0],[0,0,0],[0,0,0],[0,0,0],[1,1,1],[2,2,2],[2,2,2]}

Teostra, F, [0,3,1,3,1], null, [2,1,1,1,2], [WW,ER], eld, [0,0,0],[3,3,3],[0,0,0],[0,0,0],[0,0,0],[0,0,0],[0,0,0],[2,2,2],[2,2,2]}

Tobi-Kadachi, T, [2,3,0,2,1], null, [3,2,2,2,2], [AF], fan, [0,0,0],[2,2,2],[0,0,0],[0,0,0],[1,1,1],[0,0,0],[1,1,1],[3,3,3],[0,0,0]}

Tzitzi-Ya-Ku, NE, [2,2,3,3,2], null, [2,2,2,2,2], [CH], bir, [0,0,0],[3,3,3],[0,0,0],[0,0,0],[0,0,0],[0,0,0],[0,0,0],[0,0,0],[0,0,0]}

Uragaan, F, [0,3,1,2,2], null, [3,1,2,2,3], [ER], bru, [0,0,0],[3,3,3],[0,0,0],[2,2,2],[0,0,0],[0,0,0],[1,1,1],[1,1,1],[0,0,0]}

Vaal Hazak, NE, [3,0,1,2,3], null, [1,1,1,2,2], [RV], eld, [0,0,0],[2,3,2],[0,0,0],[2,2,1],[1,1,1],[0,0,0],[0,0,0],[3,1,2],[0,0,0]}

Xeno'jiiva, D, [2,2,2,2,2], null, [3,0,1,2,1], [CoF], eld, [0,0,0],[3,3,3],[0,0,0],[0,0,0],[2,2,1],[0,0,0],[0,0,0],[3,3,3],[1,1,1]}

Zorah Magdaros, F, [0,3,1,2,3], null, [0,0,0,0,0], [Evr], eld, [0,0,0],[1,1,1],[3,3,3],[2,2,2],[0,0,0],[0,0,0],[0,0,0],[0,0,0],[0,0,0]}
